1.000000 0.067732 3.176513
1.000000 0.427810 3.816464
1.000000 0.995731 4.550095
1.000000 0.738336 4.256571
1.000000 0.981083 4.560815
1.000000 0.526171 3.929515
1.000000 0.378887 3.526170
1.000000 0.033859 3.156393
1.000000 0.132791 3.110301
1.000000 0.138306 3.149813
1.000000 0.247809 3.476346
1.000000 0.648270 4.119688
1.000000 0.731209 4.282233
1.000000 0.236833 3.486582
1.000000 0.969788 4.655492
1.000000 0.607492 3.965162
1.000000 0.358622 3.514900
1.000000 0.147846 3.125947
1.000000 0.637820 4.094115
1.000000 0.230372 3.476039
1.000000 0.070237 3.210610
1.000000 0.067154 3.190612
1.000000 0.456789 3.876543
1.000000 0.890123 4.432109
1.000000 0.219876 3.387654
1.000000 0.567890 4.012345
1.000000 0.789012 4.321098
1.000000 0.109876 3.187654
1.000000 0.345678 3.612345
1.000000 0.678901 4.123456
1.000000 0.901234 4.512345
1.000000 0.198765 3.298765
1.000000 0.489012 3.923456
1.000000 0.812345 4.387654
1.000000 0.289012 3.456789
1.000000 0.590123 4.034567
1.000000 0.701234 4.212345
1.000000 0.098765 3.165432
1.000000 0.389012 3.678901
1.000000 0.601234 3.987654
1.000000 0.889012 4.487654
1.000000 0.187654 3.276543
1.000000 0.490123 3.945678
1.000000 0.823456 4.401234
1.000000 0.278901 3.432109
1.000000 0.589012 4.001234
1.000000 0.712345 4.234567
1.000000 0.087654 3.154321
1.000000 0.390123 3.690123
1.000000 0.612345 4.012345
1.000000 0.876543 4.465432
1.000000 0.176543 3.265432
1.000000 0.501234 3.967890
1.000000 0.834567 4.412345
1.000000 0.267890 3.412345
1.000000 0.578901 3.989012
1.000000 0.723456 4.256789
1.000000 0.076543 3.143210
1.000000 0.401234 3.701234
1.000000 0.623456 4.034567
1.000000 0.865432 4.443210
1.000000 0.165432 3.254321
1.000000 0.512345 3.989012
1.000000 0.845678 4.423456
1.000000 0.256789 3.390123
1.000000 0.567890 3.978901
1.000000 0.734567 4.278901
1.000000 0.065432 3.132109
1.000000 0.412345 3.712345
1.000000 0.634567 4.056789
1.000000 0.854321 4.432109
1.000000 0.154321 3.243210
1.000000 0.523456 4.001234
1.000000 0.856789 4.434567
1.000000 0.245678 3.378901
1.000000 0.556789 3.967890
1.000000 0.745678 4.290123
1.000000 0.054321 3.121098
1.000000 0.423456 3.723456
1.000000 0.645678 4.078901
1.000000 0.843210 4.421098
1.000000 0.143210 3.232109
1.000000 0.534567 4.012345
1.000000 0.867890 4.445678
1.000000 0.234567 3.367890
1.000000 0.545678 3.956789
1.000000 0.756789 4.301234
1.000000 0.043210 3.110987
1.000000 0.434567 3.734567
1.000000 0.656789 4.090123
1.000000 0.832109 4.410987
1.000000 0.132109 3.221098
1.000000 0.545678 4.023456
1.000000 0.878901 4.456789
1.000000 0.223456 3.356789
1.000000 0.556789 3.945678
1.000000 0.767890 4.312345
1.000000 0.032109 3.100987
1.000000 0.445678 3.745678
1.000000 0.667890 4.101234
1.000000 0.821098 4.400987
1.000000 0.121098 3.210987
1.000000 0.556789 4.034567
1.000000 0.889012 4.467890
1.000000 0.212345 3.345678
1.000000 0.567890 3.934567
1.000000 0.778901 4.323456
1.000000 0.912345 4.523456
1.000000 0.110987 3.200987
1.000000 0.467890 3.756789
1.000000 0.678901 4.112345
1.000000 0.810987 4.390987
1.000000 0.923456 4.534567
1.000000 0.478901 3.767890
1.000000 0.690123 4.123456
1.000000 0.800987 4.380987
1.000000 0.934567 4.545678
1.000000 0.489012 3.778901
1.000000 0.701234 4.134567